567977007
678659689567977007
678659689567977007
678659689567977007
678659689567977007
678659689567977007
678659689567977007
678659689567977007
678659689567977007
678659689567977007
678659689567977007
678659689567977007
678659689567977007
678659689567977007
678659689567977007
678659689567977007
678659689567977007
678659689567977007
678659689567977007
678659689567977007
678659689567977007
678659689567977007
678659689567977007
678659689567977007
678659689567977007
678659689567977007
678659689567977007
678659689567977007
678659689567977007
678659689567977007
678659689567977007
678659689567977007
678659689567977007
678659689567977007
678659689567977007
678659689567977007
678659689567977007
678659689567977007
678659689567977007
678659689567977007
678659689567977007
678659689567977007
678659689567977007
678659689567977007
678659689567977007
678659689567977007
678659689567977007
678659689567977007
678659689567977007
678659689567977007
678659689567977007
678659689567977007
678659689567977007
678659689567977007
678659689567977007
678659689567977007
678659689567977007
678659689567977007
678659689567977007
678659689567977007
678659689567977007
678659689567977007
67865968567977007
678659689567977007
678659689567977007
678659689567977007
678659689567977007
678659689
